2.2813
2.1055
1.957
1.8125
1.9414
2.2422
2.2617
2.4844
2.4336
2.6953
2.5938
2.5508
2.2539
2.3945
2.1328
2.2656
1.7227
1.7578
1.6836
1.4063
1.5117
1.4961
1.4453
1.5625
1.6172
1.6563
1.6758
1.8438
1.8672
1.9219
2.0117
1.8516
1.9023
1.9961
2.332
2.2188
2.2461
2.3438
2.3945
2.4648
2.625
2.8242
2.8945
3.4727
3.5391
3.625
4.3516
4.3594
4.0625
5.0781
5.4688
6.2734
6.4219
6.4297
6.75
7.6094
7.3906
7.1094
7.5
8.5469
8.9844
7.7344
7.0313
7.1875
7.2969
7.8281
6.6719
6.625
5.8906
6.0859
4.8828
5.0078
5.4844
5.5313
5.9688
5.75
6.0859
5.5625
4.3359
4.6016
5.4219
5
5.0703
5.6875
6.6797
7.2109
7.7734
7.6172
7.9219
6.5
5.8438
7.1094
7
5.75
6.1953
5.6875
3.5547
4.9531
5.4297
5.3594
4.9766
5.4688
4.9454
5.0079
4.9923
5.3281
6.9766
6.8775
4.8812
5.0687
5.2263
5.1375
5.2488
5.9437
6.25
5.8513
6.17
6.6238
7.03
7.4887
7.3575
7.5012
6.6662
6.7188
6.7062
6.1612
5.3975
5.3975
5.8987
5.5975
5.5587
5.5675
5.7962
6.4275
6.6913
6.9988
6.6863
6.4675
7.1225
7.6025
7.9875
8.4063
8.5575
8.7075
9.1563
9.7338
8.9938
8.8938
9.4688
9.0887
9.4138
9.85
10.1638
10.5825
11.3363
10.8287
10.8688
10.4138
9.6013
10.275
10.825
10.475
9.8637
10.21
10.5063
10.6625
10.8488
10.1188
10.8475
10.6375
10.23
10.0388
10.125
9.875
10.095
10.9525
11.485
12.3688
12.3788
12.3513
13.0588
13.2825
13.465
14.1875
14.5725
14.1125
14.085
14.665
16.565
16.4125
16.06
15.3325
15.05
17
16.7
17.0925
14.9025
14.67
15.1525
16.725
14.4075
13.3125
12.75
11.3125
10.3825
11.7225
13.1175
14.2625
12.945
14.16
13.8475
16.175
15.545
16.2225
16.5175
15.9375
16.9
18.375
18.9775
18.095
16.8875
18.41
17.5
20.035
20.36
21.5325
21.355
20.62
22.2575
18.925
20.58
21.1125
22.495
22.5375
21.6625
21.3775
24.0875
24.045
24.0925
25.9975
26.98
27.11
27.9675
27.045
21.945
23.3375
24.34
23.7275
22.845
24.37
25.8
27.025
27.23
29.505
31.8
30.83
31.84
31.46
31.41
36.32
37.88
39.57
39.32
36.425
39.15
36.93
36.475
38.455
38.775
38.565
39.275
44.6
46.485
49.645
48.075
46.125
48.56
50.165
49.42
50.835
54.01
57.61
55.875
61.485
65.515
66.14
62.5
62.01
61.59
61.47
58.94
55.22
55.2
55.5
57.64
52.65
50.18
50.07
50.83
52.9
57.16
55.73
55.41
52.99
59
59.05
52.81
51.85
54.99
60.42
62.55
68.22
67.03
66.44
68.39
71.8
79.68
76.91
82.2
84.72
72.12
